19
КДП 
38
РШ 1Р
4
РШ 2Р
1
РШ 3Р
1
РШ 4Р
2
РШ 5Р
4
РШ 6Р
9
ЛАЗ
12
ЦКП
2
ЛАЗ АТС
3
РШ1А
5
РШ1Б
5
РШ2А
5
РШ2Б
5
ЦКПР
3
ВС
1
5 пов КДП
1
СКМЗ
3
ОГМД(ПРЦ)
1
Р12
18
0
Р22
24
0
Р26
0
0
Р27
17
0
Р35
12
0
Р38
20
0
Р40
0
0
Р41
0
0
Р42
0
0
Р43
0
0
Р56
20
0
Р64А
0
0
Р66
20
0
Р67
0
0
Р68
17
0
Р70
19
0
Р71
0
0
Р74
0
0
Р75
0
0
Р76
0
0
Р77
0
0
Р78
0
0
Р79
17
0
Р80
17
0
Р81
17
0
Р86
0
0
Р69
17
0
Р34
17
0
17В
27
0
18В
38
0
Р30
17
0
Р31
17
0
Р84
18
0
0В
50
1
1В
44
1
2В
36
1
3В
51
1
Р10
7
0
0В
1
0
1В
39
0
2В
18
0
3В
8
0
0В
15
0
0В
21
0
0В
3
0
1В
20
1
0В
0
0
1В
0
0
2В
20
0
3В
27
0
00
10
0
10
10
0
20
10
0
30
0
0
40
0
0
50
0
0
00М
5
0
10М
10
0
20М
10
0
0В
20
0
1В
21
1
П25
11
0
2В
5
1
П15
17
1
П5
16
0
П10
11
0
П2
0
0
П24
2
0
П22
10
0
П23
14
0
П34
11
0
0В
0
0
1В
10
0
Р1
0
0
Р2
43
1
Р3
54
1
Р1
20
1
Р2
20
1
Р3
20
1
Р4
20
1
Р5
20
1
Р1
20
1
Р2
20
1
Р3
20
1
Р4
20
1
Р5
20
1
Р1
20
1
Р2
20
1
Р3
20
1
Р4
20
1
Р5
20
1
Р1
20
1
Р2
20
1
Р3
20
0
Р4
0
0
Р5
20
1
0В
20
1
1В
38
1
2В
30
0
0В
9
0
0В
8
0
0В
20
0
1В
0
0
2В
0
0
0В
8
0
1
2
3
4
5
6
7
8
9
10
11
12
13
14
15
16
17
18
1
2
3
4
5
6
7
8
9
10
11
12
13
14
15
16
17
18
19
20
21
22
23
24
1
2
3
4
5
6
7
8
9
10
11
12
13
14
15
16
17
1
2
3
4
5
6
7
8
9
10
11
12
1
2
3
4
5
6
7
8
9
10
11
12
13
14
15
16
17
18
19
20